   9.1861585e-02
   5.7754855e-79
   3.6580521e-02
   2.9739747e-04
   8.2127923e-13
   0.0000000e+00
   7.4944643e-02
   0.0000000e+00
   0.0000000e+00
   1.2873797e-43
   9.3353266e-37
   1.4678143e-67
   1.8435783e-01
   0.0000000e+00
   1.5825958e-02
   0.0000000e+00
   4.9435171e-63
   0.0000000e+00
   0.0000000e+00
   8.0654981e-02
   3.5873789e-02
   1.2045051e-07
   1.4662928e-73
   2.0910569e-61
   1.2426209e-42
   6.3765019e-02
   1.6866931e-71
   0.0000000e+00
   0.0000000e+00
   7.7309441e-27
   0.0000000e+00
   0.0000000e+00
   6.8321682e-53
   0.0000000e+00
   7.0424251e-72
   5.2172871e-30
   4.6977641e-09
   5.1435674e-71
   9.6091153e-03
   1.6944714e-21
   6.9659552e-64
   0.0000000e+00
   4.9343494e-28
   0.0000000e+00
   0.0000000e+00
   1.2245699e-72
   1.0845407e-80
   0.0000000e+00
   8.0083316e-14
   2.1263241e-03
   1.8894842e-69
   8.3009014e-10
   0.0000000e+00
   2.1990055e-23
   1.5000914e-73
   0.0000000e+00
   3.0207727e-74
   3.8890725e-16
