6504.799805
6658.200195
6346.299805
6375.600098
6185
6193.299805
6165
6198
6487.5
6568.700195
6558
6738.5
6540.200195
6569.899902
6178.100098
6241.200195
6327.399902
6238.799805
6283.5
6045.399902
6216.899902
6626.399902
6443.799805
6526
6391.5
6312.700195
6497.5
6475.399902
6378.399902
6335.700195
6363.5
6384.5
6543.700195
6563.700195
6795
6600.700195
6417.299805
6205.899902
6294.200195
6391.200195
6209.600098
6276.299805
6366.600098
6385.399902
6400.200195
6440.100098
6327.600098
6170.399902
6288.299805
6175.799805
6097.5
6222.5
6198.100098
6165.5
6209.299805
6294.299805
6256.399902
6164.299805
6088.299805
5943.700195
5858.600098
5917.299805
5562.799805
5402.299805
5633.700195
5601.5
5766.600098
5879.799805
5951.399902
5870.299805
5896.799805
5915
5889.799805
5809.600098
5950.600098
5723
5665.700195
5642.5
5479.200195
5537
5387.100098
5403.100098
5547.600098
5427.200195
5342.100098
5471.899902
5345
5070.299805
4755.799805
4433.700195
4903.399902
5036
5145.5
5017.700195
5188.700195
5129.5
5244.200195
5291
5293.200195
5203.600098
5264.700195
5061
5159.200195
5242.399902
5323.799805
5198.600098
5126.799805
5193.100098
5189.700195
5128.100098
5182.5
5050.799805
5169
5285.700195
5292.700195
5250.5
5271.799805
5233.600098
5161
5243.600098
5159
5203.100098
5171.200195
5218
5169.100098
5085.100098
4920.399902
4630.799805
4605.399902
4656.399902
4615.700195
4224.100098
4098.299805
4016.699951
4075.600098
4322.399902
4330
4389.799805
4227.299805
4107.200195
4008
3860.100098
3907.199951
3813.800049
3953.399902
4130.5
4051.100098
3997
4034.600098
4091.600098
4175.200195
4169.399902
4013.5
3878.100098
3889.899902
3829.399902
4005
3974.100098
3820.600098
3603.699951
3567.399902
3599.199951
3611.899902
3727.100098
3655.600098
3491.600098
3601.800049
3861.100098
3708.5
3814.399902
3808.100098
3889.199951
3870.199951
3952.600098
3969.399902
4049
3979.800049
4048.100098
4150.799805
4134.100098
4160.100098
4067.800049
4021.5
4058.100098
4073.199951
4131.200195
4098.399902
4147.799805
4247.299805
4225.899902
4161.100098
4257.200195
4237.799805
4257
4157.100098
4274
4311
4344
4239
4287.600098
4376.899902
4397
4319
4342.600098
4367
4347.600098
4412.299805
4444.700195
4510.200195
4466.299805
4487.899902
4460.799805
4390.700195
4402.700195
4412
4515
4492.200195
4547.100098
4467.399902
4417.700195
4357.5
4465.600098
4489.700195
4537.299805
4570
4489.700195
4498.399902
4441.799805
4431.399902
4430.700195
4454.5
4484
4505.799805
4494.100098
4407.399902
4393.200195
4339.200195
4326.299805
4413.100098
4337.899902
4301.5
4369.200195
4490.100098
4550.799805
4545
4591
4578.100098
4659.700195
4698.899902
4622.700195
4615.399902
4624.200195
4739.799805
4793.899902
4760.799805
4741.600098
4747.899902
4694
4696.799805
4798.100098
4814.299805
4854.100098
4820.799805
4803.299805
4832.799805
4941.5
5044.200195
5057.200195
5006.799805
5036.299805
4982.100098
4923.299805
4922.5
4914
4983.700195
4891.600098
4849.299805
4801.700195
4918.899902
4886.5
4971.799805
4986.299805
4999.399902
5030.399902
5077.600098
5079
5161
5232.200195
5230.899902
5241.799805
5282.299805
5314.799805
5345.799805
5312.600098
5228.100098
5326.899902
5359.299805
5407.899902
5413.600098
5477.700195
5362.299805
5275
5142.100098
5213.399902
5423.600098
5465.100098
5498.899902
5523.799805
5528.100098
5517.399902
5531.600098
5595.5
5618.799805
5731.799805
5711
5672.399902
5786.799805
5759.299805
5764.100098
5846.200195
5860.5
5858.700195
5907.899902
5999.399902
6036.299805
5964.600098
6026.100098
6029.399902
6132.700195
6023.100098
6091.700195
5912.100098
5657.399902
5791
5764.600098
5655.200195
5597.399902
5692.100098
5833.399902
5888.899902
5707.600098
5719.700195
5974.899902
5889.399902
5820.100098
5903.399902
5878.600098
5949.200195
5879.299805
5877
5822.299805
5960.799805
6001.200195
6157.299805
6155.200195
6160.899902
6148.100098
6208.399902
6192
6122.100098
6021.5
6152.399902
6260
6190
6220.799805
6220.100098
6239
6237.200195
6228
6310.899902
6382.799805
6419.5
6401.5
6116.200195
6245.200195
6130.600098
6339.399902
6308
6397.299805
6462.399902
6486.799805
6418.700195
6603.700195
6565.700195
6640.899902
6570.600098
6676.700195
6505.100098
6732.399902
6567.399902
6607.899902
6690.100098
6716.700195
6585.200195
6215.200195
6224.299805
6038.299805
6064.200195
6220.100098
6303.299805
6191.200195
6289.299805
6456.700195
6466.799805
6595.799805
6730.700195
6527.899902
6661.299805
6530.600098
6304.899902
6291.200195
6262.100098
6432.5
6554.899902
6397
6434.100098
6476.899902
6348.5
6202
5901.700195
5869
6029.200195
5784
5787.600098
5888.5
5884.299805
5699.899902
5631.700195
5495.200195
5692.899902
5947.100098
5895.5
6056.600098
6091.399902
6215.5
6204.700195
6304.299805
6087.299805
6053.5
5906.799805
5802.799805
5620.799805
5530
5412.799805
5261.600098
5376.399902
5352.600098
5354.700195
5489.200195
5454.799805
5505.600098
5636.600098
5240.700195
5416.700195
5311.299805
5088.5
4980.299805
3932.100098
4063
3883.399902
4377.299805
4365
4233
3781
4288
4049.399902
4280.399902
4286.899902
4216.600098
4561.799805
4448.5
4147.100098
4052.5
4149.600098
4291.899902
4189.600098
3889.100098
3830.100098
3530.699951
3753.699951
3842.899902
3898.899902
4029.699951
3983.699951
4092.800049
4156
4243.200195
4462.100098
4348.100098
4365.299805
4417.899902
4438.600098
4442
4345.899902
4241
4236.299805
4127.200195
4388.799805
4576.600098
4608.399902
4731.600098
4714
4850.899902
4908.899902
4851.700195
5011.5
5172.899902
5082.200195
4988.700195
5161.899902
5190.200195
5242.600098
5044.600098
5142.700195
5296.399902
5251.399902
5245.700195
5322.399902
5261.600098
5196.799805
5402.399902
5412.899902
5534.200195
5455.399902
5303
5188.5
5060.899902
5142.5
5358.200195
5354.5
5599.799805
5625.700195
5650.100098
5703
5744.899902
5771
5744
5723.700195
5553.299805
5123
5262.899902
5062.899902
5188.399902
5126
5163.700195
5250.799805
5046.5
4838.100098
5132.899902
5158.899902
5312.600098
5258
5332.399902
5275.399902
5195.299805
5201.600098
5428.200195
5501.600098
5508.5
5598.5
5592.899902
5657.600098
5703.399902
5741.399902
5675.200195
5875.399902
5796.899902
5732.799805
5668.700195
5745.299805
5813
5871.799805
6008.899902
5899.899902
5984.299805
6002.100098
5896.299805
5881.399902
5997.399902
6062.899902
6083
6001.200195
5990.399902
5828.700195
5718.100098
5900.799805
6009.899902
6055.799805
5996
6018.299805
6069.899902
5976.799805
5925.899902
5948.5
5938.899902
5855
5765.799805
5714.899902
5697.700195
5989.799805
5990.600098
5843.700195
5935
5815.200195
5247
5320
5040.799805
5129.899902
5292
5214.700195
5368.399902
5066.799805
5128.5
5303.399902
5466.399902
5488.700195
5702.200195
5527.200195
5545.399902
5362.899902
5164.700195
5552.299805
5529.200195
5387.299805
5512.700195
5572.299805
5649.700195
5636.600098
5728.600098
5733.5
5901.100098
5852.399902
5905.100098
5935.100098
5911.100098
5887.5
5965.600098
5854.899902
5768.5
5723.700195
5651.799805
5772.200195
5777.100098
5655.100098
5575.5
5267.600098
5351.5
5260.200195
5435.100098
5478.799805
5513.700195
5571.200195
5662.600098
5666.100098
5651.799805
5627.200195
5787.299805
5847.100098
5852.399902
5776.600098
5711.5
5794.799805
5915.600098
5852.600098
5742.100098
5871
5793.299805
5896.200195
5806.700195
5868.600098
5769.700195
5605.600098
5819.100098
5866.799805
5914.399902
5921.799805
5940
5925.399902
6089.799805
6121.600098
6154.399902
6284.5
6347.200195
6263.899902
6328.299805
6335.700195
6378.600098
6483.600098
6489.700195
6392.799805
6411.700195
6249.799805
6384.399902
6286.600098
6426.399902
6521.5
6625
6723.100098
6654.299805
6583.100098
6412
6308.299805
6116.200195
6215.5
6375.5
6544.899902
6630.700195
6554.799805
6647.899902
6583.399902
6500
6492.100098
6412.899902
6547.299805
6583.799805
6596.399902
6512.700195
6453.899902
6487.200195
6622.600098
6721.299805
6734.700195
6708.399902
6693.399902
6674.299805
6650.600098
6552
6440
6606.600098
6750.899902
6730.700195
6739.899902
6829.299805
6663.700195
6510.399902
6571.700195
6663.600098
6838.100098
6809.700195
6712.700195
6527.899902
6557.200195
6615.600098
6695.600098
6561.700195
6625.299805
6685.700195
6822.399902
6814.600098
6855.799805
6815.799805
6844.5
6858.200195
6777.899902
6825.200195
6757.799805
6866.100098
6690.200195
6749.5
6791.600098
6679.200195
6567.399902
6689.100098
6775.299805
6819.799805
6855.100098
6807
6837.899902
6649.399902
6527.899902
6340
6310.299805
6388.700195
6546.5
6567.200195
6654.399902
6750.799805
6722.600098
6742.799805
6300.600098
6545.299805
6609.899902
6547.799805
6501.100098
6550.299805
6832.799805
6749.399902
6853.399902
6873.5
6915.200195
6946.700195
6911.799805
6740.600098
7022.5
6855
6833.5
7089.799805
6994.600098
7070.700195
6986
7046.799805
6960.5
7031.700195
6984.399902
6804.600098
6784.899902
6710.5
6753.700195
6585.799805
6673.399902
6775.100098
6579.799805
6696.299805
6718.5
6550.700195
6187.700195
6247.899902
6042.899902
6117.799805
6104.100098
6109
6130
6416.200195
6378
6444.100098
6361.100098
6353.799805
6118.299805
6334.600098
6375.200195
6238.299805
5952.799805
6052.399902
6254.600098
6242.299805
5912.399902
5804.100098
5900
6083.799805
5848.100098
5707.600098
5950.200195
6096
6199.399902
6139.799805
6189.600098
6106.5
6146.100098
6204.399902
6343.799805
6310.399902
6241.899902
6125.700195
6138.5
6156.299805
6270.799805
6209.600098
6115.799805
6021.100098
6138.700195
6577.799805
6590.600098
6669.200195
6730.5
6724.399902
6793.5
6916
6859
6838.100098
6894.600098
6777
6710.299805
6909.399902
6899.299805
7044.399902
7013.600098
7020.5
6996.299805
6693.299805
6730.399902
6775.799805
6840.799805
6730.700195
6954.200195
7011.600098
7068.200195
7142.799805
7210.100098
7337.799805
7198.399902
7184.5
7188.299805
7258.799805
7300
7243.700195
7374.299805
7343.100098
7425
7336.799805
7322.899902
7349.399902
7327.600098
7114.600098
7203.899902
7297.399902
7435.399902
7470.700195
7547.600098
7547.600098
7527.299805
7463.5
7424.100098
7312.700195
7350.899902
7378.399902
7452.899902
7368.399902
7511.700195
7310
7324
7401.5
7438.5
7377.600098
7215.5
7310.600098
7372.799805
7522.899902
7535.399902
7523.200195
7505
7560.399902
7433
7380.700195
7409.600098
7300.5
7394
7490.600098
7592.700195
7687.799805