   2.6178658e-03
   5.8071691e-04
   3.6984148e-03
   3.1710965e-03
   1.5245057e-03
   3.8295441e-04
   2.4658440e-03
   1.1984312e-03
   3.6200613e-04
   2.0182664e-03
   2.2076638e-03
   6.8993992e-04
   3.7915778e-03
   1.4987801e-03
   2.3134229e-03
   1.4459120e-05
   5.9879165e-04
   9.7798824e-04
   5.1356039e-04
   3.3598629e-03
   3.3564896e-03
   2.3020691e-03
   9.1867220e-04
   5.3132391e-04
   1.4463212e-03
   3.0074522e-03
   8.2212686e-04
   1.1598095e-03
  -8.1907084e-04
   1.8431483e-03
  -7.0114776e-05
   1.2101417e-03
   1.4428092e-03
  -8.7737115e-04
   5.5707549e-04
   1.0416850e-03
   1.4759134e-03
   1.0028388e-03
   3.1487679e-03
   1.2589846e-03
   1.2613371e-03
   1.9004289e-03
   1.9825901e-03
  -2.4787226e-03
  -7.5000984e-04
   5.8703216e-04
   2.6581232e-04
   1.7399401e-03
   1.6297074e-03
   1.8930126e-03
   5.5511153e-04
   2.1705607e-03
   1.9839236e-03
   2.0562413e-03
   8.0595808e-04
   1.3801702e-03
   3.4474776e-04
   2.0595302e-03
