   3.0146984e-02
   6.1559795e-02
   5.4781632e-02
   9.4289111e-02
   3.7376452e-02
   5.6067782e-02
   3.9593612e-02
   4.4057722e-02
   7.0857555e-02
   6.9136918e-02
   5.2822799e-02
   3.5698231e-02
   3.3205932e-02
   3.6228944e-02
   2.9702179e-02
   4.8934937e-02
   3.4780581e-02
   4.0784936e-02
   4.7754603e-02
   3.9644818e-02
   5.9381195e-02
   2.9191323e-02
   5.5674286e-02
   3.1172803e-02
   3.8891084e-02
   3.2576446e-02
   5.3773467e-02
   3.8359804e-02
   6.9047270e-02
   4.0966776e-02
   4.7194484e-02
   3.6583377e-02
   5.1285848e-02
   6.6296714e-02
   4.3875290e-02
   3.4813855e-02
   3.1422774e-02
   5.0379136e-02
   5.4835168e-02
   4.6106840e-02
   5.3645848e-02
   5.7180207e-02
   4.8372308e-02
   7.5982725e-02
   4.7513251e-02
   4.9017716e-02
   3.8330842e-02
   5.0211532e-02
   3.4849277e-02
   4.8964940e-02
   4.5349125e-02
   3.6545539e-02
   2.9058282e-02
   5.0246836e-02
   4.9844661e-02
   3.0620553e-02
   4.0183294e-02
   3.9432340e-02
