   7.3048600e+05
   7.3049300e+05
   7.3050000e+05
   7.3050700e+05
   7.3051400e+05
   7.3052100e+05
   7.3052800e+05
   7.3053500e+05
   7.3054200e+05
   7.3054900e+05
   7.3055600e+05
   7.3056300e+05
   7.3057000e+05
   7.3057600e+05
   7.3058300e+05
   7.3059000e+05
   7.3059700e+05
   7.3060400e+05
   7.3061100e+05
   7.3061800e+05
   7.3062500e+05
   7.3063200e+05
   7.3063900e+05
   7.3064600e+05
   7.3065300e+05
   7.3066000e+05
   7.3066700e+05
   7.3067400e+05
   7.3068100e+05
   7.3068800e+05
   7.3069500e+05
   7.3070200e+05
   7.3070900e+05
   7.3071600e+05
   7.3072300e+05
   7.3073000e+05
   7.3073700e+05
   7.3074400e+05
   7.3075100e+05
   7.3075800e+05
   7.3076500e+05
   7.3077200e+05
   7.3077900e+05
   7.3078600e+05
   7.3079400e+05
   7.3080100e+05
   7.3080800e+05
   7.3081500e+05
   7.3082200e+05
   7.3082900e+05
   7.3083600e+05
   7.3084300e+05
   7.3085000e+05
   7.3085700e+05
   7.3086400e+05
   7.3087100e+05
   7.3087800e+05
   7.3088500e+05
   7.3089200e+05
   7.3089900e+05
   7.3090600e+05
   7.3091300e+05
   7.3092000e+05
   7.3092700e+05
   7.3093400e+05
   7.3094000e+05
   7.3094700e+05
   7.3095400e+05
   7.3096100e+05
   7.3096800e+05
   7.3097500e+05
   7.3098200e+05
   7.3098900e+05
   7.3099600e+05
   7.3100300e+05
   7.3101000e+05
   7.3101700e+05
   7.3102400e+05
   7.3103100e+05
   7.3103800e+05
   7.3104500e+05
   7.3105200e+05
   7.3105900e+05
   7.3106600e+05
   7.3107300e+05
   7.3108000e+05
   7.3108700e+05
   7.3109400e+05
   7.3110100e+05
   7.3110800e+05
   7.3111500e+05
   7.3112200e+05
   7.3112900e+05
   7.3113600e+05
   7.3114300e+05
   7.3115000e+05
   7.3115800e+05
   7.3116500e+05
   7.3117200e+05
   7.3117900e+05
   7.3118600e+05
   7.3119300e+05
   7.3120000e+05
   7.3120700e+05
   7.3121400e+05
   7.3122100e+05
   7.3122800e+05
   7.3123500e+05
   7.3124200e+05
   7.3124900e+05
   7.3125600e+05
   7.3126300e+05
   7.3127000e+05
   7.3127700e+05
   7.3128400e+05
   7.3129100e+05
   7.3129800e+05
   7.3130500e+05
   7.3131100e+05
   7.3131800e+05
   7.3132500e+05
   7.3133200e+05
   7.3133900e+05
   7.3134600e+05
   7.3135300e+05
   7.3136000e+05
   7.3136700e+05
   7.3137400e+05
   7.3138100e+05
   7.3138800e+05
   7.3139500e+05
   7.3140200e+05
   7.3140900e+05
   7.3141600e+05
   7.3142300e+05
   7.3143000e+05
   7.3143700e+05
   7.3144400e+05
   7.3145100e+05
   7.3145800e+05
   7.3146500e+05
   7.3147200e+05
   7.3147900e+05
   7.3148600e+05
   7.3149300e+05
   7.3150000e+05
   7.3150700e+05
   7.3151400e+05
   7.3152200e+05
   7.3152900e+05
   7.3153600e+05
   7.3154300e+05
   7.3155000e+05
   7.3155700e+05
   7.3156400e+05
   7.3157100e+05
   7.3157800e+05
   7.3158500e+05
   7.3159200e+05
   7.3159900e+05
   7.3160600e+05
   7.3161300e+05
   7.3162000e+05
   7.3162700e+05
   7.3163400e+05
   7.3164100e+05
   7.3164800e+05
   7.3165500e+05
   7.3166200e+05
   7.3166900e+05
   7.3167500e+05
   7.3168200e+05
   7.3168900e+05
   7.3169600e+05
   7.3170300e+05
   7.3171000e+05
   7.3171700e+05
   7.3172400e+05
   7.3173100e+05
   7.3173800e+05
   7.3174500e+05
   7.3175200e+05
   7.3175900e+05
   7.3176600e+05
   7.3177300e+05
   7.3178000e+05
   7.3178700e+05
   7.3179400e+05
   7.3180100e+05
   7.3180800e+05
   7.3181500e+05
   7.3182200e+05
   7.3182900e+05
   7.3183600e+05
   7.3184300e+05
   7.3185000e+05
   7.3185700e+05
   7.3186400e+05
   7.3187100e+05
   7.3187800e+05
   7.3188600e+05
   7.3189300e+05
   7.3190000e+05
   7.3190700e+05
   7.3191400e+05
   7.3192100e+05
   7.3192800e+05
   7.3193500e+05
   7.3194200e+05
   7.3194900e+05
   7.3195600e+05
   7.3196300e+05
   7.3197000e+05
   7.3197700e+05
   7.3198400e+05
   7.3199100e+05
   7.3199800e+05
   7.3200500e+05
   7.3201200e+05
   7.3201900e+05
   7.3202600e+05
   7.3203300e+05
   7.3203900e+05
   7.3204600e+05
   7.3205300e+05
   7.3206000e+05
   7.3206700e+05
   7.3207400e+05
   7.3208100e+05
   7.3208800e+05
   7.3209500e+05
   7.3210200e+05
   7.3210900e+05
   7.3211600e+05
   7.3212300e+05
   7.3213000e+05
   7.3213700e+05
   7.3214400e+05
   7.3215100e+05
   7.3215800e+05
   7.3216500e+05
   7.3217200e+05
   7.3217900e+05
   7.3218600e+05
   7.3219300e+05
   7.3220000e+05
   7.3220700e+05
   7.3221400e+05
   7.3222100e+05
   7.3222800e+05
   7.3223500e+05
   7.3224200e+05
   7.3224900e+05
   7.3225700e+05
   7.3226400e+05
   7.3227100e+05
   7.3227800e+05
   7.3228500e+05
   7.3229200e+05
   7.3229900e+05
   7.3230600e+05
   7.3231300e+05
   7.3232000e+05
   7.3232700e+05
   7.3233400e+05
   7.3234100e+05
   7.3234800e+05
   7.3235500e+05
   7.3236200e+05
   7.3236900e+05
   7.3237600e+05
   7.3238300e+05
   7.3239000e+05
   7.3239700e+05
   7.3240300e+05
   7.3241000e+05
   7.3241700e+05
   7.3242400e+05
   7.3243100e+05
   7.3243800e+05
   7.3244500e+05
   7.3245200e+05
   7.3245900e+05
   7.3246600e+05
   7.3247300e+05
   7.3248000e+05
   7.3248700e+05
   7.3249400e+05
   7.3250100e+05
   7.3250800e+05
   7.3251500e+05
   7.3252200e+05
   7.3252900e+05
   7.3253600e+05
   7.3254300e+05
   7.3255000e+05
   7.3255700e+05
   7.3256400e+05
   7.3257100e+05
   7.3257800e+05
   7.3258500e+05
   7.3259200e+05
   7.3259900e+05
   7.3260600e+05
   7.3261300e+05
   7.3262100e+05
   7.3262800e+05
   7.3263500e+05
   7.3264200e+05
   7.3264900e+05
   7.3265600e+05
   7.3266300e+05
   7.3267000e+05
   7.3267700e+05
   7.3268400e+05
   7.3269100e+05
   7.3269800e+05
   7.3270500e+05
   7.3271200e+05
   7.3271900e+05
   7.3272600e+05
   7.3273300e+05
   7.3274000e+05
   7.3274700e+05
   7.3275400e+05
   7.3276100e+05
   7.3276700e+05
   7.3277400e+05
   7.3278100e+05
   7.3278800e+05
   7.3279500e+05
   7.3280200e+05
   7.3280900e+05
   7.3281600e+05
   7.3282300e+05
   7.3283000e+05
   7.3283700e+05
   7.3284400e+05
   7.3285100e+05
   7.3285800e+05
   7.3286500e+05
   7.3287200e+05
   7.3287900e+05
   7.3288600e+05
   7.3289300e+05
   7.3290000e+05
   7.3290700e+05
   7.3291400e+05
   7.3292100e+05
   7.3292800e+05
   7.3293500e+05
   7.3294200e+05
   7.3294900e+05
   7.3295600e+05
   7.3296300e+05
   7.3297000e+05
   7.3297700e+05
   7.3298500e+05
   7.3299200e+05
   7.3299900e+05
   7.3300600e+05
   7.3301300e+05
   7.3302000e+05
   7.3302700e+05
   7.3303400e+05
   7.3304100e+05
   7.3304800e+05
   7.3305500e+05
   7.3306200e+05
   7.3306900e+05
   7.3307600e+05
   7.3308300e+05
   7.3309000e+05
   7.3309700e+05
   7.3310400e+05
   7.3311100e+05
   7.3311800e+05
   7.3312500e+05
   7.3313100e+05
   7.3313800e+05
   7.3314500e+05
   7.3315200e+05
   7.3315900e+05
   7.3316600e+05
   7.3317300e+05
   7.3318000e+05
   7.3318700e+05
   7.3319400e+05
   7.3320100e+05
   7.3320800e+05
   7.3321500e+05
   7.3322200e+05
   7.3322900e+05
   7.3323600e+05
   7.3324300e+05
   7.3325000e+05
   7.3325700e+05
   7.3326400e+05
   7.3327100e+05
   7.3327800e+05
   7.3328500e+05
   7.3329200e+05
   7.3329900e+05
   7.3330600e+05
   7.3331300e+05
   7.3332000e+05
   7.3332700e+05
   7.3333400e+05
   7.3334100e+05
   7.3334900e+05
   7.3335600e+05
   7.3336300e+05
   7.3337000e+05
   7.3337700e+05
   7.3338400e+05
   7.3339100e+05
   7.3339800e+05
   7.3340500e+05
   7.3341200e+05
   7.3341900e+05
   7.3342600e+05
   7.3343300e+05
   7.3344000e+05
   7.3344700e+05
   7.3345400e+05
   7.3346100e+05
   7.3346800e+05
   7.3347500e+05
   7.3348200e+05
   7.3348900e+05
   7.3349600e+05
   7.3350200e+05
   7.3350900e+05
   7.3351600e+05
   7.3352300e+05
   7.3353000e+05
   7.3353700e+05
   7.3354400e+05
   7.3355100e+05
   7.3355800e+05
   7.3356500e+05
   7.3357200e+05
   7.3357900e+05
   7.3358600e+05
   7.3359300e+05
   7.3360000e+05
   7.3360700e+05
   7.3361400e+05
   7.3362100e+05
   7.3362800e+05
   7.3363500e+05
   7.3364200e+05
   7.3364900e+05
   7.3365600e+05
   7.3366300e+05
   7.3367000e+05
   7.3367700e+05
   7.3368400e+05
   7.3369100e+05
   7.3369800e+05
   7.3370500e+05
   7.3371300e+05
   7.3372000e+05
   7.3372700e+05
   7.3373400e+05
   7.3374100e+05
   7.3374800e+05
   7.3375500e+05
   7.3376200e+05
   7.3376900e+05
   7.3377600e+05
   7.3378300e+05
   7.3379000e+05
   7.3379700e+05
   7.3380400e+05
   7.3381100e+05
   7.3381800e+05
   7.3382500e+05
   7.3383200e+05
   7.3383900e+05
   7.3384600e+05
   7.3385300e+05
   7.3386000e+05
   7.3386600e+05
   7.3387300e+05
   7.3388000e+05
   7.3388700e+05
   7.3389400e+05
   7.3390100e+05
   7.3390800e+05
   7.3391500e+05
   7.3392200e+05
   7.3392900e+05
   7.3393600e+05
   7.3394300e+05
   7.3395000e+05
   7.3395700e+05
   7.3396400e+05
   7.3397100e+05
   7.3397800e+05
   7.3398500e+05
   7.3399200e+05
   7.3399900e+05
   7.3400600e+05
   7.3401300e+05
   7.3402000e+05
   7.3402700e+05
   7.3403400e+05
   7.3404100e+05
   7.3404800e+05
   7.3405500e+05
   7.3406200e+05
   7.3406900e+05
   7.3407700e+05
   7.3408400e+05
   7.3409100e+05
   7.3409800e+05
   7.3410500e+05
   7.3411200e+05
   7.3411900e+05
   7.3412600e+05
   7.3413300e+05
   7.3414000e+05
   7.3414700e+05
   7.3415400e+05
   7.3416100e+05
   7.3416800e+05
   7.3417500e+05
   7.3418200e+05
   7.3418900e+05
   7.3419600e+05
   7.3420300e+05
   7.3421000e+05
   7.3421700e+05
   7.3422400e+05
   7.3423000e+05
   7.3423700e+05
   7.3424400e+05
   7.3425100e+05
   7.3425800e+05
   7.3426500e+05
   7.3427200e+05
   7.3427900e+05
   7.3428600e+05
   7.3429300e+05
   7.3430000e+05
   7.3430700e+05
   7.3431400e+05
   7.3432100e+05
   7.3432800e+05
   7.3433500e+05
   7.3434200e+05
   7.3434900e+05
   7.3435600e+05
   7.3436300e+05
   7.3437000e+05
   7.3437700e+05
   7.3438400e+05
   7.3439100e+05
   7.3439800e+05
   7.3440500e+05
   7.3441200e+05
   7.3441900e+05
   7.3442600e+05
   7.3443300e+05
   7.3444000e+05
   7.3444800e+05
   7.3445500e+05
   7.3446200e+05
   7.3446900e+05
   7.3447600e+05
   7.3448300e+05
   7.3449000e+05
   7.3449700e+05
   7.3450400e+05
   7.3451100e+05
   7.3451800e+05
   7.3452500e+05
   7.3453200e+05
   7.3453900e+05
   7.3454600e+05
   7.3455300e+05
   7.3456000e+05
   7.3456700e+05
   7.3457400e+05
   7.3458100e+05
   7.3458800e+05
   7.3459400e+05
   7.3460100e+05
   7.3460800e+05
   7.3461500e+05
   7.3462200e+05
   7.3462900e+05
   7.3463600e+05
   7.3464300e+05
   7.3465000e+05
   7.3465700e+05
   7.3466400e+05
   7.3467100e+05
   7.3467800e+05
   7.3468500e+05
   7.3469200e+05
   7.3469900e+05
   7.3470600e+05
   7.3471300e+05
   7.3472000e+05
   7.3472700e+05
   7.3473400e+05
   7.3474100e+05
   7.3474800e+05
   7.3475500e+05
   7.3476200e+05
   7.3476900e+05
   7.3477600e+05
   7.3478300e+05
   7.3479000e+05
   7.3479700e+05
   7.3480400e+05
   7.3481200e+05
   7.3481900e+05
   7.3482600e+05
   7.3483300e+05
   7.3484000e+05
   7.3484700e+05
   7.3485400e+05
   7.3486100e+05
   7.3486800e+05
   7.3487500e+05
   7.3488200e+05
   7.3488900e+05
   7.3489600e+05
   7.3490300e+05
   7.3491000e+05
   7.3491700e+05
   7.3492400e+05
   7.3493100e+05
   7.3493800e+05
   7.3494500e+05
   7.3495200e+05
   7.3495800e+05
   7.3496500e+05
   7.3497200e+05
   7.3497900e+05
   7.3498600e+05
   7.3499300e+05
   7.3500000e+05
   7.3500700e+05
   7.3501400e+05
   7.3502100e+05
   7.3502800e+05
   7.3503500e+05
   7.3504200e+05
   7.3504900e+05
   7.3505600e+05
   7.3506300e+05
   7.3507000e+05
   7.3507700e+05
   7.3508400e+05
   7.3509100e+05
   7.3509800e+05
   7.3510500e+05
   7.3511200e+05
   7.3511900e+05
   7.3512600e+05
   7.3513300e+05
   7.3514000e+05
   7.3514700e+05
   7.3515400e+05
   7.3516100e+05
   7.3516800e+05
   7.3517600e+05
   7.3518300e+05
   7.3519000e+05
   7.3519700e+05
   7.3520400e+05
   7.3521100e+05
   7.3521800e+05
   7.3522500e+05
   7.3523200e+05
   7.3523900e+05
   7.3524600e+05
   7.3525300e+05
   7.3526000e+05
   7.3526700e+05
   7.3527400e+05
   7.3528100e+05
   7.3528800e+05
   7.3529500e+05
   7.3530200e+05
   7.3530900e+05
   7.3531600e+05
   7.3532300e+05
   7.3532900e+05
   7.3533600e+05
   7.3534300e+05
   7.3535000e+05
   7.3535700e+05
   7.3536400e+05
   7.3537100e+05
   7.3537800e+05
   7.3538500e+05
   7.3539200e+05
   7.3539900e+05
   7.3540600e+05
   7.3541300e+05
   7.3542000e+05
   7.3542700e+05
   7.3543400e+05
   7.3544100e+05
   7.3544800e+05
   7.3545500e+05
   7.3546200e+05
   7.3546900e+05
   7.3547600e+05
   7.3548300e+05
   7.3549000e+05
   7.3549700e+05
   7.3550400e+05
   7.3551100e+05
   7.3551800e+05
   7.3552500e+05
   7.3553200e+05
   7.3554000e+05
   7.3554700e+05
   7.3555400e+05
   7.3556100e+05
   7.3556800e+05
   7.3557500e+05
   7.3558200e+05
   7.3558900e+05
   7.3559600e+05
   7.3560300e+05
   7.3561000e+05
   7.3561700e+05
   7.3562400e+05
   7.3563100e+05
   7.3563800e+05
   7.3564500e+05
   7.3565200e+05
   7.3565900e+05
   7.3566600e+05
   7.3567300e+05
   7.3568000e+05
   7.3568700e+05
   7.3569300e+05
   7.3570000e+05
   7.3570700e+05
   7.3571400e+05
   7.3572100e+05
   7.3572800e+05
   7.3573500e+05
   7.3574200e+05
   7.3574900e+05
   7.3575600e+05
   7.3576300e+05
   7.3577000e+05
   7.3577700e+05
   7.3578400e+05
   7.3579100e+05
   7.3579800e+05
   7.3580500e+05
   7.3581200e+05
   7.3581900e+05
   7.3582600e+05
   7.3583300e+05
   7.3584000e+05
   7.3584700e+05
   7.3585400e+05
   7.3586100e+05
   7.3586800e+05
   7.3587500e+05
   7.3588200e+05
   7.3588900e+05
   7.3589600e+05
   7.3590400e+05
   7.3591100e+05
   7.3591800e+05
   7.3592500e+05
   7.3593200e+05
   7.3593900e+05
   7.3594600e+05
   7.3595300e+05
   7.3596000e+05
   7.3596700e+05
   7.3597400e+05
   7.3598100e+05
   7.3598800e+05
   7.3599500e+05
   7.3600200e+05
   7.3600900e+05
   7.3601600e+05
   7.3602300e+05
   7.3603000e+05
   7.3603700e+05
   7.3604400e+05
   7.3605100e+05
   7.3605700e+05
   7.3606400e+05
   7.3607100e+05
   7.3607800e+05
   7.3608500e+05
   7.3609200e+05
   7.3609900e+05
   7.3610600e+05
   7.3611300e+05
   7.3612000e+05
   7.3612700e+05
   7.3613400e+05
   7.3614100e+05
   7.3614800e+05
   7.3615500e+05
   7.3616200e+05
   7.3616900e+05
   7.3617600e+05
   7.3618300e+05
   7.3619000e+05
   7.3619700e+05
   7.3620400e+05
   7.3621100e+05
   7.3621800e+05
   7.3622500e+05
   7.3623200e+05
   7.3623900e+05
   7.3624600e+05
   7.3625300e+05
   7.3626000e+05
   7.3626800e+05
   7.3627500e+05
   7.3628200e+05
   7.3628900e+05
   7.3629600e+05
   7.3630300e+05
   7.3631000e+05
   7.3631700e+05
   7.3632400e+05
   7.3633100e+05
   7.3633800e+05
   7.3634500e+05
   7.3635200e+05
   7.3635900e+05
   7.3636600e+05
   7.3637300e+05
   7.3638000e+05
   7.3638700e+05
   7.3639400e+05
   7.3640100e+05
   7.3640800e+05
   7.3641500e+05
   7.3642100e+05
   7.3642800e+05
   7.3643500e+05
   7.3644200e+05
   7.3644900e+05
   7.3645600e+05
   7.3646300e+05
   7.3647000e+05
   7.3647700e+05
   7.3648400e+05
   7.3649100e+05
   7.3649800e+05
   7.3650500e+05
   7.3651200e+05
   7.3651900e+05
   7.3652600e+05
   7.3653300e+05
   7.3654000e+05
   7.3654700e+05
   7.3655400e+05
   7.3656100e+05
   7.3656800e+05
   7.3657500e+05
   7.3658200e+05
   7.3658900e+05
   7.3659600e+05
   7.3660300e+05
   7.3661000e+05
   7.3661700e+05
   7.3662400e+05
   7.3663100e+05
   7.3663900e+05
   7.3664600e+05
   7.3665300e+05
   7.3666000e+05
   7.3666700e+05
   7.3667400e+05
   7.3668100e+05
   7.3668800e+05
   7.3669500e+05
   7.3670200e+05
   7.3670900e+05
   7.3671600e+05
   7.3672300e+05
   7.3673000e+05
   7.3673700e+05
   7.3674400e+05
   7.3675100e+05
   7.3675800e+05
   7.3676500e+05
   7.3677200e+05
   7.3677900e+05
   7.3678500e+05
   7.3679200e+05
   7.3679900e+05
   7.3680600e+05
   7.3681300e+05
   7.3682000e+05
   7.3682700e+05
   7.3683400e+05
   7.3684100e+05
   7.3684800e+05
   7.3685500e+05
   7.3686200e+05
   7.3686900e+05
   7.3687600e+05
   7.3688300e+05
   7.3689000e+05
   7.3689700e+05
   7.3690400e+05
   7.3691100e+05
   7.3691800e+05
   7.3692500e+05
   7.3693200e+05
   7.3693900e+05
   7.3694600e+05
   7.3695300e+05
   7.3696000e+05
   7.3696700e+05
   7.3697400e+05
   7.3698100e+05
   7.3698800e+05
   7.3699500e+05
   7.3700300e+05
   7.3701000e+05
   7.3701700e+05
   7.3702400e+05
   7.3703100e+05
   7.3703800e+05
   7.3704500e+05
   7.3705200e+05
   7.3705900e+05
