   3.0758188e-03
   2.4771179e-03
   5.2130903e-03
   6.9646233e-03
   2.2217944e-03
   1.9365752e-03
   3.2515128e-03
   2.1473310e-03
   2.8815681e-03
   4.4049707e-03
   3.6195523e-03
   1.3256418e-03
   4.3509140e-03
   2.1521626e-03
   2.7574430e-03
   1.1947969e-03
   1.2030987e-03
   1.7989453e-03
   1.6507121e-03
   4.1535340e-03
   5.1406755e-03
   2.7309722e-03
   2.4644120e-03
   1.0150237e-03
   2.1950988e-03
   3.5406135e-03
   2.2727076e-03
   1.8946102e-03
   1.5675780e-03
   2.6874545e-03
   1.0458908e-03
   1.8722320e-03
   2.7395586e-03
   1.2767782e-03
   1.5114531e-03
   1.6481543e-03
   1.9674127e-03
   2.2634810e-03
   4.6488457e-03
   2.2727681e-03
   2.6984152e-03
   3.5323603e-03
   3.1471254e-03
   1.5438498e-04
   3.7074969e-04
   1.7887042e-03
   9.9032506e-04
   2.9934412e-03
   2.2306705e-03
   3.0765222e-03
   1.5916098e-03
   2.8413822e-03
   2.4040161e-03
   3.3118481e-03
   2.0430632e-03
   1.8479993e-03
   1.1505025e-03
   2.8404602e-03
