   3.0187932e-02
   6.1941090e-02
   5.5323639e-02
   8.0290226e-02
   3.7274944e-02
   5.5672120e-02
   3.9596476e-02
   4.2776712e-02
   7.3520023e-02
   6.9821307e-02
   5.3841816e-02
   3.5637215e-02
   3.3344411e-02
   3.5966646e-02
   2.9758319e-02
   4.8259547e-02
   3.4806761e-02
   4.0126107e-02
   4.7696493e-02
   3.9854599e-02
   6.0488461e-02
   2.9247069e-02
   5.5688121e-02
   3.1019972e-02
   3.8341069e-02
   3.2438460e-02
   5.4442980e-02
   3.8339726e-02
   6.9845837e-02
   4.1314414e-02
   4.7592659e-02
   3.6059530e-02
   5.0514741e-02
   6.5835328e-02
   4.3517354e-02
   3.4884179e-02
   3.1188418e-02
   5.0036548e-02
   5.4675789e-02
   4.3541183e-02
   5.3758178e-02
   5.7260943e-02
   4.8095358e-02
   6.9066976e-02
   4.7209415e-02
   4.9239783e-02
   3.7674540e-02
   4.9932091e-02
   3.4349248e-02
   4.8138399e-02
   4.6123059e-02
   3.6660396e-02
   2.8717066e-02
   4.9840396e-02
   4.9767746e-02
   3.0501839e-02
   4.0172662e-02
   3.9619726e-02
